38.43434689868236
35.09530072337159
35.85902765723189
36.835602248282854
38.56299793577298
42.33264016029358
36.81077468192038
37.70746288922415
37.97579046097308
39.398824571273096
36.34423626754753
40.42427575483712
38.031547942180765
39.74694889315378
37.486854610921604
37.081395839219645
38.87585811309872
38.271514980740825
39.001957325351086
39.672973937960045
38.7331286105844
40.10917377163707
37.61767076477234
36.729881930277735
38.052054037942405
38.551380153602246
37.308189279230014
40.01126871112558
36.93326136176263
34.33050086842337
38.23398662465699
39.73404119962285
37.15894784216056
40.471749761062846
37.482072780651094
38.30277024355013
39.260104440400326
39.522563931609305
39.34125075292061
41.36624901670209
36.1819884848628
36.40178885251173
41.59316663603951
38.216223391235786
41.09128691789976
34.42145716866833
39.269054469819466
40.33590995699598
37.903263406757546
38.40463713601849
39.95492298741178
40.967206136702664
39.45063263875839
36.67440545140885
39.62047622669564
36.60416742458166
35.564988565670696
37.423510751014334
36.13273202778566
37.1217179928802
35.714724424049166
37.848525159458234
40.13819408019737
37.88005065619557
39.72352351876129
38.09030040309573
37.09602281174154
39.10980267564833
37.63849991016349
38.305363062511404
39.31323056590751
39.07862825071913
35.4042358793498
38.18014727499194
38.32742447235549
33.63962594241698
37.614017583456466
37.45777773775913
36.766361399876736
37.704050321563756
39.120613950770384
38.65519023484898
36.921084150654124
39.111978425517776
37.3053796532021
36.98017207529777
32.617249009987844
37.96456323021341
37.923875955386784
37.8997429370412
27.69185578491951
36.17596858889912
40.34114620861174
40.35229025619717
27.728668271415984
36.29021118394633
36.627656113705775
38.0856780820809
42.29099334895851
38.938741319057456
38.017900045509
37.627920467868144
35.403461953681195
38.51825022732458
36.077835718440014
35.269436634169395
39.53392351919015
37.116415691845404
36.869302322121044
39.3770871383246
37.20481411426959
37.63528757296003
36.111512685680765
35.68950681970651
38.47232648289427
38.819209974343444
39.40604276238313
39.82615334429886
38.46647808915481
37.86471881956268
40.30788366877125
40.24126553258708
36.30021960223063
39.31201124079648
38.64065317029457
38.89102421410371
37.32183202858914
39.49895537529763
32.8659125452546
39.686973726946654
39.33913680442131
39.29335694394661
38.878063193483186
33.64349809179773
37.57836507399537
37.842226584336665
38.26795934073978
37.5291824507871
36.64721610952858
38.450741353334635
38.416669378014134
37.109985371028735
38.652995287771724
39.529926950956046
40.10093113609377
40.293413361054654
39.14610910920339
38.71701243928792
38.71006328745305
36.286081710108796
37.56305347463075
39.27926355552115
37.10945754665386
40.60379122309736
38.99089685749185
39.89702865765964
38.77910975994135
36.08550783323291
34.53872727676297
38.846668179872154
38.96205251516213
38.87896262702353
41.89413878105342
41.62932016175608
39.23730146902825
40.22272878500709
35.034123072871765
40.21291133658746
39.936186820318355
38.534725515430736
40.09779051172935
36.47285058634861
38.18574430654563
37.79738452498353
38.83796899572306
40.03970308319671
40.361164352618594
40.94154916707842
37.44816478541206
39.083065037287916
23.18026993854028
35.54430497331783
39.10510640907848
36.69013798826456
31.985575296508188
38.294411341509345
35.233105347366774
36.16719536645534
38.20229608621812
33.95773482233554
28.86149166885427
38.313798609839274
38.922361767707486
40.585819382461764
39.239869058031296
36.70642254488662
40.336342100604526
35.747698909714344
36.59489293545984
40.08610343357337
37.65994687352635
34.47369284657153
39.12190104709963
39.004368138803336
38.589476116156625
37.40750554576909
39.274364799162804
38.00852274336914
38.17536194897677
38.99474236418003
40.391867061746844
36.4462329322797
38.32774084777315
40.55508876942454
41.16209944778376
36.98073707801235
39.05929883708766
39.27730702518112
38.767157224424764
38.961004046099745
37.763323648588695
28.873400541066147
37.90150642338796
37.09769593264981
36.67054741159333
37.80586358396131
36.733303824479094
38.72109675388581
37.626862311376954
40.234667264958716
41.577807308583765
40.277197297971675
37.82969284094435
33.74671864848806
37.98408269426377
37.562539212023516
37.21129971399243
34.25519691745256
37.09196056432079
39.38711020751936
36.923311063451294
38.89213035777808
36.42518906082547
37.8087133295772
38.16651023414289
38.00283680299639
39.280629614247296
38.316408630954044
37.81614995980527
35.915534204183366
37.77233094041077
37.303674646541815
38.897817132663114
37.408498987272694
38.60442020169345
39.2361056564403
40.97297161408229
39.274465020163426
34.10150981581839
41.41944053858709
35.20277786781636
36.71636330807644
38.35336396285677
37.22557115783134
36.81616505105168
38.532952811522584
38.41013922896241
38.17626953192891
39.79462905920765
38.76928515301553
38.69030652659478
37.65272138789776
36.78149940370946
41.90123439003246
39.88772397377193
41.02692778241043
38.872809248525364
35.3434795973267
37.051612173214146
39.9445745342414
39.29927609237747
41.94392962940124
37.10758298163939
38.0524245281773
40.987063684234954
38.15138222648226
39.306170130751106
36.18287132415579
36.962676941752655
37.54409861103534
40.11568346141519
35.88878337252588
38.567704870492186
37.65728922563856
38.64573201095558
35.04465299655196
38.21053956139087
39.97037554678942
39.86621251000442
38.80183186470083
40.44096633729714
37.46017832623364
34.98723748170577
37.739026483333504
37.64213840802488
36.10217236947472
38.53188167865833
38.11462108568353
32.48695124149841
36.13358415353491
38.41632698526709
37.345574190768325
37.99562959591744
34.38325498136226
39.625997053899944
36.16909205613488
36.47811039120546
39.05041953836705
38.34419887783337
35.356749414506176
37.327846575418164
37.853893064676825
38.26818961062516
36.9057195162251
40.39950204837535
36.3706912908828
38.369269613386756
37.25864493265877
39.24903878302686
39.14931617282668
40.3484046792653
38.40340823464928
36.759727999556794
39.88028612707832
39.21441584820736
38.16385054626335
38.9156480255653
38.770182396066076
37.12423723094711
36.594791386484786
34.64923912665021
26.289301906201892
36.22911125561692
34.887010780776
39.73932318793728
39.127584006048394
36.37646792303367
38.24568263152727
38.6196942231949
38.682204059319176
37.31664341905309
38.2501090534605
37.719664575940804
39.690128137939226
38.34624861379259
35.90099476861296
38.06055542385364
33.964062187227945
37.60314384041953
37.70003296465984
36.10264756608942
38.8297230820088
37.41463547584759
38.50862458317457
35.74939488284827
36.77676372430388
36.648011039616485
36.69695188976205
37.85539604245999
38.935273908739994
40.15265486087581
36.99744345606721
37.64361829229678
39.09119513988688
39.40203338341832
36.93313885596152
38.51759629196435
36.69780999848227
35.72091736793324
38.435764548357824
38.69038292481706
37.93862096921001
36.787692461101386
37.72406401375718
37.23409438806831
37.78485905445048
39.634083565151585
37.684636565671
38.16222504936803
38.71781094874152
36.39017559224299
39.25265720222773
40.38344158554431
37.3624883617876
38.57186987912788
38.70311503753342
36.96169362360167
38.55786599457739
39.208343848261784
36.41133018715196
